    let a = Ratio::new(
        BigInt::new(
            Sign::Minus,
            vec![
/*                3131146576, 817168162, 4115059528, 1603820909, 3228287222, 2800270731, 4007046125,
                782296012, 2994326549, 2198145026, 2419552116, 3061275150, 2851874779, 452440724,
                1483424608, 3191407191, 2886414223, 3649512711, 3746760284, 2932146986, 340405201,
                2593753686, 602692960, 587341136, 2442505290, 136172606, 949300072, 1716315322,
                1984293577, 2362189469, 1899847287, 1547046444, 3287637506, 2476660507, 2632789923,
                3934524206, 2844839935, 1554225028, 3392619249, 1494343277, 734796298, 137379874,
                1627033923, 4102908230, 3698170596, 2210347375, 3248728789, 229197781, 1640929470,
                2135974126, 2552214315, 1143045816, 3174528326, 3134824434, 1589967759, 2451631724,
                3727892062, 3236642448, 3756585618, 720982649, 2604243572, 4197357229, 235148815,
                1283469531, 3359926167, 3812401350, 20554641, 1081378592, 4026622211, 40166021,
                4189547368, 16764690, 1897971142, 408701399, 1988296286, 2592967499, 3234326909,
                2091473450, 827576386, 3806099126, 1125138763, 1613409387, 3335026815, 3663213798,
                2034492195, 3128828156, 496164580, 2457916733, 2312843230, 3217294938, 12383551,
                1297557768, 2163541344, 1456188321, 3885729517, 44009237, 4176403736, 2089591439,
                346561872, 4024455659, 3462514549, 1065638949, 4251018513, 2709186687, 3339863880,
                598237160, 662399143, 447983088, 3210091811, 3014471365, 2750063814, 1156139425, */
                1355665, 886205319, 1563447032, 3288551536, 2456457302, 1748600405, 2063971493,
                1948566645, 826132831, 1134050137, 4204313514, 1363507910, 996902621, 1716933707,
                4071155009, 2923296911, 2244253000, 2694156061, 3984298518, 634203153, 941631585,
                2809100743, 335504944, 3981343539, 589898742, 200196917, 2069380033, 1264754726,
                225651934, 2856159751, 2074786785, 3170227628, 4027314642, 1407451282, 3301270572,
                241094280, 109583328, 3925114991, 3879952579, 3119257132, 2354409249, 1015760026,
                1510926214, 2694120908, 3270972730, 1012780411, 340462322, 3723695244, 132616426,
                1633167525, 2380183309, 3666210100, 3180963709, 3654669536, 591878565, 2446195453,
                46869709,
            ],
        ),
        BigInt::new(
            Sign::Plus,
            vec![
/*                332796545, 570536111, 2607037160, 781731613, 3336390364, 1930304646, 3970579286,
                3988815459, 706174187, 2406957616, 1416018997, 1328459573, 2546232297, 2334445252,
                2411631785, 274014051, 557919931, 2326058086, 163612254, 289309705, 2446794889,
                2152563283, 1356043668, 313441761, 573229650, 2337750554, 413890284, 1014674624,
                552411726, 1283033348, 3402913221, 2323429593, 1187699074, 745570100, 3625129023,
                195125766, 3171036074, 3110642866, 1690814802, 3226112223, 994925133, 205443397,
                3383801634, 3057065953, 3076186821, 1619773723, 3140322025, 2803146524, 2264324811,
                621531700, 2202955645, 313100281, 1814051568, 3533182642, 1272453295, 1856260725,
                261383160, 1507607239, 1811952427, 3816920289, 1679917388, 140403551, 1475048670,
                1252438135, 4271053529, 524869380, 677894881, 2025195473, 2543426840, 2903447715,
                675763501, 330987084, 1650030285, 3425586861, 2438812431, 3062821076, 2997549031,
                122067567, 2262158110, 2419019329, 3035006469, 1610113377, 1093888987, 205681256,
                4241809753, 4201305993, 2242383490, 977059950, 4087369695, 409524046, 2118391652,
                951196090, 1495644983, 3538628093, 2131861646, 1418882281, 2294259715, 3122677629,
                402368467, 2844254020, 3894514001, 3903567740, 1473409576, 273563814, 2464789530,
                2715176077, 4193064667, 1821809776, 2043619257, 4037574145, 839068661, 243831237, */
                1636503718, 1462855073, 2109748476, 971350239, 560192793, 2355319636, 402790337,
                3489227110, 547035417, 933835216, 516016733, 2874201774, 277417850, 741631489,
                3004707547, 1934565881, 2675288427, 1900292836, 1025484832, 1489752501, 2134100272,
                3424995148, 3934360195, 2178549368, 1235642904, 2837131224, 3058013012, 1769218675,
                4219341268, 2139025313, 2456658501, 929544052, 1385643129, 1060323228, 323115510,
                323820478, 2184884512, 1539702522, 3391936593, 2136536112, 1266018503, 3186231578,
                2907367080, 978184491, 3134195451, 2793444852, 2733799417, 1273612028, 2928073021,
                1681847071, 2494129958, 1584581641, 4057630334, 2112541687, 515941430, 196814662,
                154053951,
            ],
        ),
    );
    let b = Ratio::new(
        BigInt::new(
            Sign::Minus,
            vec![
/*                1478301851, 3748098908, 453501671, 2977644102, 4088633401, 3011019680, 980593670,
                196205383, 495543475, 1865084646, 625874707, 3770612426, 2303395209, 4241607752,
                2124993787, 2260496067, 3474545194, 2536458027, 1832734543, 2081591376, 2651019452,
                3459734429, 2640114841, 2359733055, 975823029, 1654788377, 627918817, 4269803997,
                711421048, 3242487085, 655245400, 1111759381, 2003243005, 1890789751, 1380245291,
                52129732, 3145613154, 2263228036, 1101950053, 3917078313, 4234108852, 1090789312,
                703293864, 4080234350, 2029088052, 1706795458, 2649769780, 2263950147, 1687906194,
                1047593013, 3930065684, 2909179872, 2284308005, 1128461825, 2612479403, 1638524144,
                960346734, 997260195, 3354136135, 2302567023, 1085422850, 741920952, 4294163275,
                2322724514, 3166573856, 2368183128, 2396339270, 3595922753, 3387463081, 1827640588,
                1863240365, 3884087402, 1298908707, 724078973, 4272072823, 169646489, 2958451571,
                1719886118, 3367338986, 617774655, 8935994, 2478984260, 2739040471, 104874436,
                3070107384, 2367060254, 283501724, 3284074034, 1869424798, 1965703892, 75612067,
                746422433, 3453700116, 3863526690, 3446407480, 1241357451, 4045241618, 3214356633,
                4167721710, 4271627528, 930081487, 1727867525, 2273127570, 1753222766, 3918784311,
                3876937961, 3790944568, 621097363, 1823001389, 2589840300, 375706492, 1855031691, */
                434332300, 1457592476, 2856369392, 1311467091, 3965811892, 1134518997, 3791486434,
                1790250100, 1770957978, 1077952631, 3819164526, 3971166000, 1468477089, 3754870197,
                2358456463, 4033979301, 1549936897, 2456525367, 3411855761, 4201510644, 1468600885,
                2955612919, 238558761, 2883704396, 3260298466, 3486137728, 4103393522, 1353172083,
                103757273, 2949126074, 2479220444, 1425931966, 3810163310, 4236895350, 4197367986,
                2215743492, 2543389795, 2660913861, 2061486387, 2110239108, 3520025312, 3960470899,
                3295964701, 1774668974, 1593755453, 3060815013, 1001827740, 4279569400, 2686939678,
                3463924222, 2808485389, 3467059399, 3562685785, 883633019, 300830995, 2518029526,
                1695081680,
            ],
        ),
        BigInt::new(
            Sign::Plus,
            vec![
/*                908382646, 739452864, 3776617372, 3133001892, 589374228, 1833605282, 618569854,
                825246487, 3708340167, 77393441, 300001887, 739317511, 1655839828, 2118898185,
                130367361, 1673836819, 3459781021, 592187866, 1854272218, 1847187558, 3392194065,
                2920880733, 2483593021, 3552339961, 2201635404, 2156358269, 1827445027, 1478055382,
                534043169, 1656142724, 4206611473, 562398286, 3438999154, 4154827173, 2430089931,
                2211425357, 3010326236, 894214121, 1982698580, 2202866830, 2685883590, 896702736,
                2558357719, 1718664873, 1935368043, 1177566351, 4093889450, 1704222874, 4187511385,
                1317402877, 628682634, 3548469857, 3379381920, 4251342480, 2967891229, 994440838,
                99030954, 4201313488, 1923935893, 3172068517, 1859194556, 3022896014, 969004841,
                1309396979, 2592288841, 3085208120, 3387841356, 2909034647, 1624044650, 1409313939,
                500374192, 887875423, 2952129812, 1600267863, 3301726216, 3215545363, 1044139756,
                2815088199, 4162955433, 214092859, 2900313151, 3931393960, 944162400, 899398472,
                2260859377, 1801816774, 3938843084, 2483411513, 3373850252, 3209616766, 2533602243,
                758632001, 4065741255, 2881401825, 1254606418, 332452438, 231806331, 1030608100,
                3128520202, 3601763587, 4051463922, 1290761436, 2382084218, 1668734130, 732821799,
                2138880239, 276759310, 2035652523, 254526005, 4241156454, 3782821773, 1331764922, */
                2798828719, 2262466511, 1003990486, 987045690, 622228595, 2355474532, 3133301393,
                2321524015, 3336423204, 1993531190, 2984878112, 3941171466, 1712413208, 1246878049,
                3988581129, 1881899277, 1686820204, 61815668, 1600571077, 2567304027, 4143289038,
                161906018, 208086827, 3215389701, 1119051029, 2089382803, 1729398207, 2871275807,
                3437872316, 2767450411, 2072325907, 513242238, 1387397811, 1995406230, 2230320017,
                806653887, 3287187990, 270092737, 4082209690, 2739239464, 2894963583, 319230420,
                1453733411, 1064500548, 4024454943, 162614826, 2349944760, 117712004, 256744972,
                1881064295, 3928658184, 778722753, 173492632, 2467302650, 2984024681, 2230566170,
                1745944778,
            ],
        ),
    );
    let c = Ratio::new(
        BigInt::new(
            Sign::Plus,
            vec![
                /* 996184603, 300895218, 2504942677, 3128396823, 851551976, 983622349, 1210694383,
                276347316, 3901271555, 3375378773, 2407972199, 2736207729, 3416889176, 1699084659,
                1285084673, 2276283423, 1472590080, 707935350, 1278705497, 1017906623, 1780410541,
                760198972, 675823685, 563472768, 3451887307, 2564205513, 1202721628, 1768324226,
                251927956, 2001023938, 3865296955, 2366677816, 1269482814, 1910932072, 2195588019,
                4215630875, 391770238, 2680482398, 4277224853, 1465441059, 911880591, 4103121128,
                2012801614, 794103615, 525108079, 4290087046, 222571813, 1949717772, 2356102808,
                2379282027, 2150791787, 1197875604, 291091468, 225957050, 1381432344, 1705555032,
                3837779015, 2438735519, 3646625243, 1212701249, 1478136891, 26882944, 3386259671,
                440277788, 4099820806, 510600568, 2113782931, 2360683775, 734352215, 4056954967,
                2057996746, 3148518829, 2594836231, 3908530461, 3171729105, 4037993903, 2227079211,
                1470577972, 4048820574, 3759053991, 297983954, 4248442900, 1358680318, 1935616520,
                2724865219, 435105200, 3777730836, 999700766, 1379793184, 478466042, 1549651692,
                3162832138, 3121411262, 2838272956, 935676162, 766296151, 77375638, 839802009,
                2942697738, 1003529112, 1362534128, 1196508768, 2327298024, 1104520385, 2398234110,
                1431059608, 50459901, 1332622929, 1379878841, 4261542562, 1121950648, 2322963500, */
                1997458326, 1049019295, 3831346500, 1239399539, 3522834500, 675057992, 509894656,
                1166116521, 2310983028, 3233312380, 4215301033, 1981368841, 1354349052, 3709151794,
                3722753942, 1135785544, 3551001258, 1401934476, 1703259196, 3016489885, 2923949977,
                2709731973, 3280271972, 442127225, 3723592444, 25972706, 2493328171, 3822940353,
                2236633610, 3990894733, 4250583460, 3579022681, 3093025373, 3528241221, 395944270,
                122036029, 2093263818, 92073247, 3237120117, 639839017, 1973948330, 2389664921,
                2253637748, 519685852, 1085900119, 503194627, 1722758317, 3519892049, 1203613519,
                1412582822, 4271185446, 3905151777, 32797196, 2267180140, 1541384902, 3631396274,
                528757900,
            ],
        ),
        BigInt::new(
            Sign::Plus,
            vec![
                /* 908382646, 739452864, 3776617372, 3133001892, 589374228, 1833605282, 618569854,
                825246487, 3708340167, 77393441, 300001887, 739317511, 1655839828, 2118898185,
                130367361, 1673836819, 3459781021, 592187866, 1854272218, 1847187558, 3392194065,
                2920880733, 2483593021, 3552339961, 2201635404, 2156358269, 1827445027, 1478055382,
                534043169, 1656142724, 4206611473, 562398286, 3438999154, 4154827173, 2430089931,
                2211425357, 3010326236, 894214121, 1982698580, 2202866830, 2685883590, 896702736,
                2558357719, 1718664873, 1935368043, 1177566351, 4093889450, 1704222874, 4187511385,
                1317402877, 628682634, 3548469857, 3379381920, 4251342480, 2967891229, 994440838,
                99030954, 4201313488, 1923935893, 3172068517, 1859194556, 3022896014, 969004841,
                1309396979, 2592288841, 3085208120, 3387841356, 2909034647, 1624044650, 1409313939,
                500374192, 887875423, 2952129812, 1600267863, 3301726216, 3215545363, 1044139756,
                2815088199, 4162955433, 214092859, 2900313151, 3931393960, 944162400, 899398472,
                2260859377, 1801816774, 3938843084, 2483411513, 3373850252, 3209616766, 2533602243,
                758632001, 4065741255, 2881401825, 1254606418, 332452438, 231806331, 1030608100,
                3128520202, 3601763587, 4051463922, 1290761436, 2382084218, 1668734130, 732821799,
                2138880239, 276759310, 2035652523, 254526005, 4241156454, 3782821773, 1331764922, */
                2798828719, 2262466511, 1003990486, 987045690, 622228595, 2355474532, 3133301393,
                2321524015, 3336423204, 1993531190, 2984878112, 3941171466, 1712413208, 1246878049,
                3988581129, 1881899277, 1686820204, 61815668, 1600571077, 2567304027, 4143289038,
                161906018, 208086827, 3215389701, 1119051029, 2089382803, 1729398207, 2871275807,
                3437872316, 2767450411, 2072325907, 513242238, 1387397811, 1995406230, 2230320017,
                806653887, 3287187990, 270092737, 4082209690, 2739239464, 2894963583, 319230420,
                1453733411, 1064500548, 4024454943, 162614826, 2349944760, 117712004, 256744972,
                1881064295, 3928658184, 778722753, 173492632, 2467302650, 2984024681, 2230566170,
                1745944778,
            ],
        ),
    );
    let d = Ratio::new(
        BigInt::new(
            Sign::Minus,
            vec![
                /* 4088745040, 1084614452, 3200078658, 2873972627, 1905650736, 2292503013, 2569882035,
                4067559093, 1225756215, 1569480904, 949785818, 1005719238, 4069136209, 1571345261,
                3071484273, 358465508, 1394911758, 2224397302, 4173497847, 455287673, 1512504625,
                580498623, 3712522283, 2951415025, 646738895, 3011407831, 3341751760, 1988544533,
                1447743297, 3540995010, 2988939103, 1650648474, 548985016, 115427979, 142085716,
                97855521, 818464299, 2814933855, 218589142, 1781472069, 243390037, 3106248189,
                3579215095, 3088219612, 3698834819, 734237805, 2480295471, 383122061, 1326473869,
                307371924, 991281943, 1510923715, 17879666, 1112475018, 70046922, 2329490688,
                3087960898, 1313671103, 732079520, 1921189589, 1810081485, 4091417631, 1482673057,
                3167735294, 2198424960, 3430960507, 150136693, 763401385, 799287841, 2911987423,
                2571386006, 4135002489, 3618690266, 2981730181, 2753991540, 1128914974, 3157772058,
                2548229878, 288353500, 2397411958, 234158277, 3010570818, 1460357781, 1581683207,
                1074741813, 3556340424, 2642237040, 3905898118, 2190959592, 3453072269, 3786770732,
                3299075048, 783606767, 3857965063, 1259145918, 601573822, 2268491908, 2425151333,
                2729748031, 2344150709, 2307466743, 3923783644, 3653998907, 4177698437, 3708018068,
                4129938956, 3209388819, 343341544, 1964071561, 1252953309, 771708727, 325373106, */
                159619371, 1075727008, 3510239523, 4022462621, 3405399858, 1132326249, 114835115,
                3929874243, 945849737, 4287390891, 474843397, 205675492, 207875983, 2153010284,
                3323407350, 1147890123, 2493848326, 3598135685, 2429668554, 4281614687, 3989278746,
                1523746808, 3478079120, 2387526241, 2501888674, 3453816325, 2875830581, 4162138383,
                679880329, 3436428374, 321313611, 2394555855, 1837586592, 3900430116, 1664958692,
                2716567079, 1831686833, 346333186, 628481568, 2805393785, 2441762795, 2725921710,
                403876021, 4072340021, 2655400690, 172771225, 20696403, 2342812271, 2176092190,
                1232797169, 1172677563, 1623987831, 3050865844, 338289315, 4044736329, 3260197920,
                76189365,
            ],
        ),
        BigInt::new(
            Sign::Plus,
            vec![
                /* 1362573969, 1109179296, 1369958762, 404535543, 884061343, 2750407923, 3075338429,
                3385353378, 3415026602, 2263573810, 2597486478, 1108976266, 336276094, 1030863630,
                2343034690, 363271580, 894704236, 888281800, 2781408327, 623297689, 2940807450,
                2233837452, 1577905884, 1033542646, 1154969459, 1087053756, 2741167541, 69599425,
                801064754, 336730438, 2014949914, 843597430, 3011015083, 4084757112, 1497651249,
                3317138036, 2368005706, 1341321182, 2974047870, 3304300245, 4028825385, 3492537752,
                1690052930, 430513662, 755568417, 1766349527, 1845866879, 408850664, 4133783430,
                1976104316, 3090507599, 1027737489, 774105585, 4229530073, 156869548, 1491661258,
                148546431, 4154486584, 738420192, 463135480, 2788791835, 2386860373, 3600990910,
                4111579116, 3888433261, 332844884, 2934278387, 68584675, 288583328, 2113970909,
                2898044936, 1331813134, 2280711070, 2400401795, 2805105676, 528350749, 3713693283,
                2075148650, 4096949502, 2468622937, 55502430, 1602123645, 1416243601, 3496581356,
                3391289065, 2702725161, 3760780978, 3725117270, 765808082, 2666941502, 1652919717,
                3285431650, 3951128234, 27135442, 1881909628, 2646162305, 347709496, 1545912150,
                2545296655, 1107678085, 1782228588, 1936142155, 3573126327, 355617547, 3246716347,
                3208320358, 2562622613, 905995136, 381789008, 4214251033, 1379265364, 4145131032, */
                2050759430, 3393699767, 1505985729, 3628052183, 933342892, 1385728150, 2552468442,
                3482286023, 709667510, 2990296786, 182349872, 1616789904, 421136165, 4017800722,
                3835388045, 2822848916, 2530230306, 2240207150, 253372967, 3850956041, 1919966261,
                2390342676, 2459613888, 2675600903, 3826060192, 986590556, 446613663, 11946415,
                3009324827, 2003691969, 3108488861, 2917347005, 2081096716, 845625697, 1197996378,
                1209980831, 2783298337, 405139106, 1828347239, 1961375549, 47478079, 2626329279,
                2180600116, 3744234470, 1741715118, 243922240, 3524917140, 176568006, 2532601106,
                2821596442, 3745503628, 1168084130, 260238948, 1553470327, 181069726, 3345849256,
                2618917167,
            ],
        ),
    );
    let e = Ratio::new(
        BigInt::new(
            Sign::Plus,
            vec![
                /* 4196211840, 4003918287, 1890511191, 3920388027, 941367599, 1777700947, 2216579301,
                4291198464, 2492405531, 1134496215, 1478006383, 766940936, 116465811, 937001131,
                1012534605, 177362218, 242032037, 2864041272, 2735156555, 3581823935, 2698257328,
                4092709793, 218108312, 2664402403, 1846450382, 2673296131, 1698314995, 3238544321,
                859071417, 1271131599, 2067590565, 3321242613, 2487740407, 2332676958, 3978822000,
                3640013834, 1366638965, 2690749322, 981863593, 765544181, 2656983593, 853045655,
                425194311, 2972422339, 2437038501, 3945438349, 212676477, 2142439272, 1347826312,
                3039686652, 1447148235, 3079677003, 1384983429, 3367783808, 1564970765, 3845383572,
                2014809378, 2192710372, 2393937162, 2061989526, 437362559, 542170678, 4075301142,
                580106552, 829666127, 311628724, 3022305534, 4036111804, 2601075347, 4272485061,
                3417940889, 1060682139, 3932748505, 2778785757, 1626890315, 3618072666, 2404516167,
                2392530810, 730462891, 116382179, 1949107329, 84618282, 2452486020, 2055810434,
                779140310, 464121929, 1719359436, 861893330, 2067620933, 291564406, 3127482520,
                3854584739, 1300084428, 2230731623, 2056896822, 2495452627, 3626058380, 2848289083,
                3036810927, 2217597624, 2807079425, 1184654980, 782641545, 1830566271, 776645421,
                1807827646, 4102896581, 2995438277, 4162005916, 2989154247, 511686604, 953358013, */
                1088524131, 2425583028, 371755788, 180053132, 919892530, 675977352, 2530263846,
                347248640, 1044083737, 3710062198, 248558560, 2118947845, 408458817, 721964824,
                1345985989, 983670093, 4156179789, 3615554603, 1201820928, 3080347853, 4200951083,
                4038970415, 2228382101, 1782551470, 954754483, 1952375548, 3532391646, 2310024302,
                2675979678, 3579368848, 522123488, 4203953816, 2932557476, 2083576895, 3881388718,
                1572279865, 3496823451, 476488001, 2420104717, 2173934967, 2994246138, 965844511,
                1130082784, 2079096196, 1924505604, 780395055, 250807699, 4069502084, 1549261504,
                515908580, 3193388259, 539719599, 3412348223, 2035520119, 3244597425, 1985439168,
                45014,
            ],
        ),
        BigInt::new(
            Sign::Plus,
            vec![
                /* 1607550529, 172766434, 3251394615, 4193912986, 2237934416, 1624684281, 2954302959,
                3594421755, 4125030967, 2944281173, 1993966375, 490909653, 4246094565, 3300232542,
                1831752132, 1064970586, 1495725784, 3987788012, 1306921276, 1068180785, 2528447782,
                2519719757, 284601757, 1179294113, 2824546125, 1232979031, 1147351614, 1061345004,
                3509492670, 1223715780, 236973075, 1760216274, 3165605994, 4133299245, 1715266724,
                1790753812, 2839521881, 970996697, 2740955308, 518012418, 3390268704, 1686870665,
                4262807859, 3292820814, 2342396659, 658098235, 3893561475, 429241839, 3974831646,
                1456052114, 3590781684, 861076718, 1335164049, 635483584, 532179537, 2563581376,
                2546999711, 3975087240, 2660330678, 2603907814, 1943303882, 2521608929, 892845279,
                2171731740, 2115952565, 1966007837, 1733002862, 2280891091, 4245505765, 1139608445,
                3429332739, 1448097902, 1565861267, 3211091846, 776970960, 218619999, 2484965295,
                2517760636, 1111065375, 719792565, 4030531073, 868167905, 3198941745, 891556272,
                1791669257, 3373897096, 2061352323, 4022810672, 3880227415, 1888775269, 1876256482,
                729876623, 2699993741, 3871108000, 1136743491, 2471785900, 3662968554, 2882396865,
                1887273481, 3725375170, 4210921542, 2250923068, 203185533, 3769114760, 2320127284,
                2425701835, 3743337448, 1389816602, 1913587798, 1271586405, 2456145197, 2013073098, */
                2199313809, 1314480430, 973029593, 3597418037, 806887065, 2668322135, 1569216296,
                997428362, 1493441380, 832281558, 2123222737, 1186494696, 1701976415, 3761302610,
                1903200535, 193922849, 2735476079, 398826891, 3926925344, 3706218511, 872091888,
                4218429124, 242462753, 3638683667, 2486352540, 2663394510, 3133946717, 1325754676,
                3801876578, 2039659866, 1947250759, 1679769545, 1457348317, 1229998438, 1552494419,
                2241958114, 617628871, 1913876071, 1189106515, 3470793207, 848974750, 1517103871,
                663212440, 417395130, 1188036983, 2070958602, 3543120477, 956617028, 3265748224,
                1943708877, 1265799400, 3832169499, 3980034396, 1238737260, 1805061207, 3063691174,
                32332310,
            ],
        ),
    );
    let f = Ratio::new(
        BigInt::new(
            Sign::Minus,
            vec![
                /* 571539456, 3976864400, 3244750201, 409341188, 202483671, 1853783405, 3249447270,
                1432393650, 823216983, 3650520848, 3254613301, 3540891385, 840319419, 3164586148,
                1343288913, 1810526334, 3734539555, 2722619391, 3848133708, 892469335, 2191045661,
                1929901265, 4042903747, 4219335891, 3385499923, 406872005, 1127758121, 455329244,
                414054608, 616822426, 3976116970, 3892033715, 863315044, 2825574549, 2681511161,
                346781835, 2071951303, 1928703080, 3206691766, 2481005606, 1974132603, 168973558,
                1588865437, 1325703012, 2969903362, 1105569957, 4056786880, 2319084650, 3079648335,
                4086698959, 1981346926, 184309030, 3983277041, 1993959862, 3933916463, 1173895007,
                3300114302, 4120295398, 970505173, 352966118, 1661505005, 2802272052, 3605967928,
                3823951851, 1655742839, 3948215664, 445919250, 1316129517, 2964202251, 2149603060,
                2750610021, 2332965282, 3379064211, 744023019, 1639038772, 3876357187, 2376747020,
                2465057132, 2157760126, 1236381224, 2776897542, 1909740521, 2461193690, 3491581417,
                2190785689, 727314665, 2904087838, 3344881379, 3384218474, 2144853363, 2169688172,
                56154194, 4269924380, 4225000678, 3026837480, 3832126569, 237923334, 1313210802,
                2782642151, 3531502709, 226580074, 2144035394, 3983021993, 3548827685, 2299847208,
                3294480822, 2227924432, 4112895507, 1301514120, 4026174913, 1316719442, 2633594772, */
                1081911582, 4013026883, 2678469273, 408031506, 4256298942, 2834677986, 4059614964,
                2170357452, 126233926, 292134286, 2558561277, 2484091584, 3884585004, 809594992,
                561061958, 4264283618, 3843634556, 1346516509, 3323656626, 1703574137, 1006443346,
                2842354942, 2731746264, 3095914956, 2001695725, 1683940282, 3091721025, 3816119156,
                4188044826, 4198802165, 2381399063, 2159965606, 4223761792, 3094354993, 2357416625,
                3832639272, 2319248437, 3775739032, 1879976519, 1958151484, 733081373, 3785551916,
                3154614380, 748026230, 3451169650, 941068527, 2033691351, 2822125476, 2705589281,
                3620151109, 3858423203, 3658395003, 381600580, 1508299317, 2460266055, 3934654122,
                11694,
            ],
        ),
        BigInt::new(
            Sign::Plus,
            vec![
                /* 1583052873, 1554897909, 3492747759, 3385478512, 2961540568, 1737256645, 818922858,
                2285024729, 2765540342, 728726789, 765828197, 123219585, 3855112718, 3932289110,
                3600867306, 994800685, 576630170, 1530353743, 3172356900, 1023692475, 1281193560,
                1202641338, 2561415818, 2023712425, 3946078647, 2506876692, 1736229936, 962170446,
                1520662960, 2423507435, 2132757677, 2957044578, 2720650173, 2839954843, 2552498636,
                3231882423, 4080860452, 149035686, 3193761294, 367144471, 447647265, 2296934104,
                4005532366, 3865583558, 3901700753, 1627916823, 682314908, 3863176559, 1413746446,
                219567146, 2252264087, 3454723173, 3426541850, 1424384962, 494648538, 1597395905,
                1448160924, 1416046797, 2468139630, 1960333851, 309865759, 1219643885, 3740640220,
                2365716477, 1863703905, 514201353, 2712123874, 3348150638, 3849813521, 1666541421,
                799223581, 147979237, 1207849518, 3130022841, 2697771350, 1967579992, 889851175,
                1185009249, 1409653788, 2183165791, 1915041290, 3518543857, 3020671930, 3729039158,
                3240121426, 300302795, 1372301730, 1845557684, 562308375, 4114075541, 4001406453,
                2273922314, 2825107190, 480233637, 1640756835, 771236622, 2901945919, 171768016,
                4100559447, 3463605461, 3538555517, 3078438436, 1828669801, 3857261768, 3701276379,
                356480039, 3625265965, 3918414833, 42421000, 2854343057, 630470295, 937788703, */
                2613955101, 3240389282, 167331747, 2311991263, 2967016296, 2540062736, 1238044781,
                386920669, 556070534, 3195566729, 1929135450, 2088517676, 2432885849, 3786952421,
                4243902934, 1745305644, 3144448231, 3589442024, 982589728, 3291195535, 3553859703,
                3606123749, 2182164785, 2683381931, 902336387, 2495714115, 2435716682, 3341857498,
                4152118132, 1177069617, 345387651, 2233024021, 231232968, 2480051353, 1087547885,
                2997753845, 1263692547, 45015456, 2112024047, 1172367793, 3345805461, 769032952,
                1673944667, 3756556171, 2102398255, 1458758236, 1823313225, 19618667, 3621930242,
                313510715, 2802260012, 129787125, 1460571204, 2558700756, 3360648977, 1803416793,
                290990796,
            ],
        ),
    );
    let g = Ratio::new(
        BigInt::new(
            Sign::Plus,
            vec![
                /* 3878682624, 1057154856, 1153135832, 2675411062, 577786684, 1063506410, 1797604052,
                2865200624, 2678347341, 3478158843, 840649863, 3126356734, 3505593160, 2787333437,
                2312368592, 970794444, 3842834664, 45332871, 1961724982, 1621791543, 3142983666,
                2134076324, 2535617108, 478158304, 3406773780, 1149845645, 3312002361, 1270457504,
                1134546223, 1382446650, 1447487817, 1233141078, 1645865947, 2540336225, 2687892393,
                1555167618, 4030357717, 3784058492, 3170126599, 3014679054, 657250553, 3728274304,
                2401583255, 3613958207, 1322743046, 1932203951, 2509073914, 424191664, 3733719478,
                2746755392, 69250304, 2998440947, 123226913, 1201544131, 3634528848, 732979233,
                1929087640, 686016096, 2674956653, 3601245049, 106763335, 1926123278, 1813774775,
                1534654159, 2782869388, 391834426, 892489605, 1531818184, 3455610322, 861995656,
                1622746714, 1701357049, 2425086778, 2235118292, 1952883431, 2253016814, 1753143322,
                1443327644, 2171696835, 600969663, 3135912287, 780553087, 98182866, 2095795572,
                4092170250, 3445331590, 2278623499, 1126827319, 2924654019, 3427952972, 3104127785,
                976114700, 3593808556, 1219570374, 1871468535, 1760080539, 3981373315, 1180760979,
                2185517678, 2681508248, 3987282097, 3540799877, 3442738923, 864364319, 367247825,
                2397881635, 3754190505, 1099699098, 2723194901, 108844082, 3625509359, 908328002, */
                1793518852, 2147521434, 547513512, 4252955035, 2078487368, 2764367634, 1168961975,
                642730550, 529231270, 1713652519, 1715383355, 2568298265, 753494517, 3448305857,
                4275902297, 3829030741, 423482298, 3756889566, 2878341462, 905597375, 4074451111,
                4157159359, 3484415926, 4190414737, 1145819772, 2469865977, 3976939482, 2306682068,
                1753517411, 3467782493, 1139768303, 2174834148, 606516028, 2851081685, 1406927141,
                2183070961, 548299639, 1461834471, 261059383, 2802117518, 4114506129, 411646022,
                1669945588, 4026445775, 1706580416, 825205095, 1023978370, 1591546024, 686191525,
                1510357549, 3228858202, 1933030050, 3001503592, 2527633760, 2312594440, 873678750,
                2038,
            ],
        ),
        BigInt::new(
            Sign::Plus,
            vec![
                /* 1362573969, 1109179296, 1369958762, 404535543, 884061343, 2750407923, 3075338429,
                3385353378, 3415026602, 2263573810, 2597486478, 1108976266, 336276094, 1030863630,
                2343034690, 363271580, 894704236, 888281800, 2781408327, 623297689, 2940807450,
                2233837452, 1577905884, 1033542646, 1154969459, 1087053756, 2741167541, 69599425,
                801064754, 336730438, 2014949914, 843597430, 3011015083, 4084757112, 1497651249,
                3317138036, 2368005706, 1341321182, 2974047870, 3304300245, 4028825385, 3492537752,
                1690052930, 430513662, 755568417, 1766349527, 1845866879, 408850664, 4133783430,
                1976104316, 3090507599, 1027737489, 774105585, 4229530073, 156869548, 1491661258,
                148546431, 4154486584, 738420192, 463135480, 2788791835, 2386860373, 3600990910,
                4111579116, 3888433261, 332844884, 2934278387, 68584675, 288583328, 2113970909,
                2898044936, 1331813134, 2280711070, 2400401795, 2805105676, 528350749, 3713693283,
                2075148650, 4096949502, 2468622937, 55502430, 1602123645, 1416243601, 3496581356,
                3391289065, 2702725161, 3760780978, 3725117270, 765808082, 2666941502, 1652919717,
                3285431650, 3951128234, 27135442, 1881909628, 2646162305, 347709496, 1545912150,
                2545296655, 1107678085, 1782228588, 1936142155, 3573126327, 355617547, 3246716347,
                3208320358, 2562622613, 905995136, 381789008, 4214251033, 1379265364, 4145131032, */
                2050759430, 3393699767, 1505985729, 3628052183, 933342892, 1385728150, 2552468442,
                3482286023, 709667510, 2990296786, 182349872, 1616789904, 421136165, 4017800722,
                3835388045, 2822848916, 2530230306, 2240207150, 253372967, 3850956041, 1919966261,
                2390342676, 2459613888, 2675600903, 3826060192, 986590556, 446613663, 11946415,
                3009324827, 2003691969, 3108488861, 2917347005, 2081096716, 845625697, 1197996378,
                1209980831, 2783298337, 405139106, 1828347239, 1961375549, 47478079, 2626329279,
                2180600116, 3744234470, 1741715118, 243922240, 3524917140, 176568006, 2532601106,
                2821596442, 3745503628, 1168084130, 260238948, 1553470327, 181069726, 3345849256,
                2618917167,
            ],
        ),
    );
    let h = Ratio::new(
        BigInt::new(
            Sign::Minus,
            vec![
                /* 402653184, 3567579097, 1822101039, 2313473490, 3077137461, 1434440574, 3847516838,
                1526230677, 3317088105, 2596012296, 564110433, 1100629107, 2082772439, 2572087429,
                2143811091, 3888586268, 1189449892, 2525595148, 597484256, 1920033723, 1721714488,
                337627049, 1003998918, 3269212561, 1744863715, 3092404990, 1362481891, 2934650287,
                3461815568, 1253000871, 3353316947, 3603661177, 1112477430, 1579798554, 4037214776,
                2346992025, 4293133810, 1672870098, 3229923854, 4226098933, 3020394022, 956460533,
                1454499228, 3445483599, 2545297409, 3328050527, 2457645613, 1614321554, 4148129239,
                3784948887, 2335835464, 2273879027, 718756505, 926987186, 2372906056, 2155622408,
                1223943345, 1750049574, 2590619058, 3631233747, 4124641855, 2806783309, 1011996150,
                2608495651, 271926024, 2107704580, 2675553859, 1942522557, 1384954847, 610314043,
                734611003, 1598497781, 3465235003, 3788377291, 4106211482, 2642260114, 1179970483,
                3641017662, 3913396702, 3230002174, 2797996241, 1723090508, 3610148595, 1502994528,
                3194747936, 611673465, 5845043, 2090100521, 1547157943, 1893679890, 1018853780,
                323909072, 1453511065, 3353045917, 3798819595, 1286984128, 1625868494, 2633187335,
                4049608300, 370058247, 1588949575, 408027855, 1720850129, 862248986, 1468084534,
                1095655865, 3211492016, 2855261447, 2837058159, 1619804298, 51123825, 2777476812, */
                2187949183, 1211981277, 313672009, 2300114844, 827879702, 1850413964, 3897675560,
                3739031064, 2097198135, 3949306013, 1755539964, 805077262, 2970353541, 1707135711,
                4063057957, 1389839214, 2078023341, 2836524904, 660392492, 3165559166, 2485258280,
                823617842, 2299725758, 2534482268, 1810507108, 4068322621, 429731601, 278118356,
                3650468892, 1317228589, 779170351, 2267152210, 360277762, 961527669, 797810272,
                4000434813, 989643517, 2095827142, 1652468286, 2873406179, 854331825, 3018644619,
                2860579961, 1596146326, 1366544961, 2604599097, 1914375721, 961865185, 1357225770,
                1432282607, 3997769813, 1619386946, 2035552941, 2719111850, 1750265349, 1400277267,
            ],
        ),
        BigInt::new(
            Sign::Plus,
            vec![
                /* 3570117463, 1493772392, 2138546580, 2867961364, 2972208035, 1512637089, 3194864889,
                828791150, 2951932150, 2148818017, 4077986261, 901360776, 2620339572, 110583887,
                1853526720, 547217377, 652060679, 1491233341, 3438323583, 2031229388, 1909765111,
                1605434378, 857383332, 2875191331, 2333545199, 1296048315, 1216326237, 1580558079,
                1490230846, 2027935512, 4219392759, 3712254535, 2206776736, 1478606996, 3818507276,
                2852072113, 4124715991, 311622125, 3736742472, 2259515270, 786819940, 4088274207,
                2487797904, 992297236, 1292238139, 1945633035, 3180733032, 4250299288, 294351952,
                3873374177, 1121606759, 2875124605, 3316516257, 739759450, 2124603026, 3719703545,
                1778935276, 3552840972, 3069268879, 647100118, 3142203810, 570477018, 2460395269,
                985240893, 3006741046, 3607648936, 3538815590, 3012202180, 3212200661, 172400836,
                1563701507, 1200126761, 3383201002, 175693145, 3537330847, 1536463642, 2905997660,
                1455508048, 2663565703, 3335993468, 1827233245, 2733624424, 164380982, 237660351,
                1371901219, 1067782050, 1030576171, 3893477774, 1391090716, 2795231150, 1746859483,
                3049177433, 2365684955, 2123111829, 3872291479, 3041829509, 2373633789, 2535508554,
                2497628292, 2579838821, 3920513160, 2539993956, 3003116828, 991436361, 3937346353,
                1221695809, 819334475, 1886376464, 2966434790, 2368709355, 2879165155, 689421906, */
                1010920751, 2704849813, 2386947309, 3349320241, 158830399, 4113425445, 1164789841,
                3298277328, 798036140, 774882830, 4198328391, 3770509245, 2769417295, 1428469942,
                4141582455, 3438799911, 2398720235, 4073879602, 1878875059, 4043026517, 3033482428,
                3927502977, 2151071351, 870000516, 537652105, 1294893566, 251970691, 790016358,
                2354859629, 121765822, 35729757, 1860128011, 1504943857, 2626194165, 2778346723,
                13907825, 2204159303, 1929986938, 810894528, 2342814235, 938527088, 2004885300,
                913678292, 684813900, 1402308039, 1187622268, 929130212, 4000792172, 670887079,
                3290683195, 289888966, 3419779627, 1484014457, 709000143, 791960304, 778969640,
                30102496,
            ],
        ),
    );
    let i = Ratio::new(
        BigInt::new(
            Sign::Plus,
            vec![
                /* 2147483648, 3047783633, 1556433203, 3265324849, 4128600740, 1829911364, 3163518361,
                445017241, 1955976627, 548100460, 176211848, 84048034, 4138456442, 203473207,
                4196986480, 2288031049, 800589829, 917390786, 2633396604, 468622249, 923143100,
                562536475, 2680986197, 1755889712, 3821491985, 3673625593, 3906692186, 2372736268,
                3184802894, 971955595, 1957299711, 219307039, 2763713111, 489124279, 1336064765,
                588022955, 386293307, 4111271188, 777749352, 2040271653, 1543526173, 687613913,
                4259440441, 4254885134, 2943881546, 904640445, 3926243231, 3274390010, 1403655556,
                3904782851, 3178288743, 1999832435, 3826833922, 3350858279, 1715782965, 3034572058,
                4046555225, 1488770341, 4098987111, 1672780407, 2053812106, 2261173755, 7341767,
                1036447014, 121837635, 301151511, 314543042, 2430236754, 3595151915, 2588988084,
                2298327792, 3326403367, 2285960269, 121615162, 4106259866, 634513346, 3482423870,
                775479128, 2709674077, 914961148, 2232252272, 3823775994, 4175947727, 1907529185,
                1723106612, 657222212, 4052764475, 3600900530, 3611910912, 1720385639, 3462038094,
                2213978580, 3363050999, 718626411, 2930794180, 515733906, 3763565869, 78458859,
                554871749, 2718325598, 2954787849, 2336483948, 3857276194, 430405235, 409771527,
                1838284347, 3798121621, 739015185, 2855381834, 384676558, 3559636252, 3313552076, */
                3384753916, 2998700265, 1006865899, 1791907033, 1561294065, 451161084, 2907183718,
                3123262521, 1182938449, 1707291557, 3757386329, 135261231, 3060892860, 3818890882,
                1675737279, 1561905646, 3045923481, 876627997, 1658447611, 523270630, 2674179431,
                118538443, 1956154628, 3013275618, 3902485933, 3627407552, 1329999573, 3110295336,
                3323615377, 3569999093, 2127948132, 3790317215, 4069326191, 1678594915, 4261956499,
                3773826186, 3518613225, 1529600936, 528012838, 1908026247, 2998390291, 4274002209,
                1665998722, 2432091946, 4189876072, 837813511, 2974680790, 2006868634, 3866789613,
                2313810542, 811199968, 2444242907, 4284528420, 2729887359, 3478000702, 422594474,
            ],
        ),
        BigInt::new(
            Sign::Plus,
            vec![
                /* 454191323, 369726432, 1888308686, 1566500946, 294687114, 916802641, 2456768575,
                2560106891, 4001653731, 2186180368, 2297484591, 369658755, 2975403562, 3206932740,
                2212667328, 2984402057, 1729890510, 296093933, 927136109, 3071077427, 3843580680,
                3607924014, 3389280158, 1776169980, 3248301350, 3225662782, 913722513, 2886511339,
                267021584, 2975555010, 2103305736, 281199143, 3866983225, 4224897234, 3362528613,
                1105712678, 3652646766, 447107060, 991349290, 1101433415, 1342941795, 2595835016,
                3426662507, 3006816084, 3115167669, 588783175, 2046944725, 2999595085, 4241239340,
                658701438, 2461824965, 1774234928, 1689690960, 4273154888, 1483945614, 497220419,
                49515477, 4248140392, 3109451594, 1586034258, 929597278, 3658931655, 2631986068,
                2802182137, 1296144420, 1542604060, 3841404326, 1454517323, 2959505973, 704656969,
                2397670744, 443937711, 3623548554, 800133931, 3798346756, 1607772681, 2669553526,
                3555027747, 4228961364, 2254530077, 1450156575, 1965696980, 472081200, 2597182884,
                1130429688, 900908387, 4116905190, 1241705756, 1686925126, 3752292031, 3414284769,
                2526799648, 4180354275, 1440700912, 627303209, 2313709867, 115903165, 515304050,
                3711743749, 1800881793, 2025731961, 645380718, 1191042109, 2981850713, 2513894547,
                1069440119, 2285863303, 3165309909, 127263002, 4268061875, 1891410886, 2813366109, */
                3546898007, 1131233255, 501995243, 2641006493, 311114297, 3325220914, 3714134344,
                1160762007, 1668211602, 996765595, 1492439056, 1970585733, 3003690252, 2770922672,
                4141774212, 940949638, 843410102, 2178391482, 2947769186, 1283652013, 2071644519,
                2228436657, 2251527061, 3755178498, 2707009162, 3192175049, 3012182751, 1435637903,
                3866419806, 3531208853, 1036162953, 2404104767, 693698905, 3145186763, 3262643656,
                403326943, 3791077643, 135046368, 2041104845, 3517103380, 1447481791, 2307098858,
                726866705, 2679733922, 2012227471, 81307413, 1174972380, 58856002, 2275856134,
                940532147, 4111812740, 389361376, 86746316, 3381134973, 1492012340, 1115283085,
                872972389,
            ],
        ),
    );
    let j = Ratio::new(
        BigInt::new(
            Sign::Minus,
            vec![
                /* 0, 4128425088, 1670233543, 2167978919, 1462133609, 581686343, 2156572311,
                1502833286, 4147018641, 2831741578, 1253440968, 3386302749, 3554147017, 3384368801,
                3209843329, 2353986876, 2815126101, 1635022112, 1231300214, 263761925, 4017482502,
                1823856612, 718773005, 52356444, 3920000219, 347169998, 3281190938, 1972869122,
                3331322343, 410659910, 1834022109, 2524361980, 3377558370, 1150013896, 1514090620,
                3068005427, 3814677971, 165773117, 1830908905, 2152794585, 1852883812, 165527276,
                1315320612, 3278541359, 2514791752, 549320077, 2927350452, 3307402058, 3281488984,
                1824185580, 3150874797, 1226701697, 2934248715, 17900521, 2791749877, 2755016634,
                1620468118, 2181952368, 3608205141, 2677318108, 3512073816, 1255244166, 3385807045,
                3653723155, 2475163997, 1191705328, 3687933833, 1202498480, 1324826725, 1759874407,
                935267630, 496703547, 565258088, 3677427337, 2694752990, 3740862041, 12626132,
                1550200265, 910955991, 1404833114, 3476563494, 2742454071, 829106119, 3127647608,
                862396725, 3354709818, 1974385289, 3742066011, 520206701, 3498103163, 3076422842,
                2935773808, 3514299263, 2248990567, 613353448, 509577327, 3858001166, 1140311561,
                1469408705, 772468698, 174157123, 550199944, 3850388271, 608333495, 462365365,
                1456614673, 632508102, 1390149932, 228009825, 1847600807, 57656606, 2961198419, */
                2576726429, 1483843398, 145952799, 3776916440, 3643214207, 1318428158, 3853801502,
                1871880807, 4017879844, 3792210817, 1423264655, 4037035687, 46649172, 2213291699,
                1662666835, 3040019037, 2742224687, 138267614, 1046306457, 4175571613, 1065331175,
                2521304661, 720143015, 3572293561, 843042194, 663069550, 1936444023, 208891208,
                3840329679, 4108438621, 919373678, 2661436349, 3953435438, 2287826193, 2083973667,
                2128692853, 150728229, 2230276664, 3992514352, 984729484, 2647577348, 1239027014,
                261687385, 2283910873, 3604396952, 1024245992, 3189902089, 3813126227, 2276001044,
                589915740, 1753108281, 2911874618, 2553449679, 511537141, 2029224376, 682350,
            ],
        ),
        BigInt::new(
            Sign::Plus,
            vec![
                /* 332796545, 570536111, 2607037160, 781731613, 3336390364, 1930304646, 3970579286,
                3988815459, 706174187, 2406957616, 1416018997, 1328459573, 2546232297, 2334445252,
                2411631785, 274014051, 557919931, 2326058086, 163612254, 289309705, 2446794889,
                2152563283, 1356043668, 313441761, 573229650, 2337750554, 413890284, 1014674624,
                552411726, 1283033348, 3402913221, 2323429593, 1187699074, 745570100, 3625129023,
                195125766, 3171036074, 3110642866, 1690814802, 3226112223, 994925133, 205443397,
                3383801634, 3057065953, 3076186821, 1619773723, 3140322025, 2803146524, 2264324811,
                621531700, 2202955645, 313100281, 1814051568, 3533182642, 1272453295, 1856260725,
                261383160, 1507607239, 1811952427, 3816920289, 1679917388, 140403551, 1475048670,
                1252438135, 4271053529, 524869380, 677894881, 2025195473, 2543426840, 2903447715,
                675763501, 330987084, 1650030285, 3425586861, 2438812431, 3062821076, 2997549031,
                122067567, 2262158110, 2419019329, 3035006469, 1610113377, 1093888987, 205681256,
                4241809753, 4201305993, 2242383490, 977059950, 4087369695, 409524046, 2118391652,
                951196090, 1495644983, 3538628093, 2131861646, 1418882281, 2294259715, 3122677629,
                402368467, 2844254020, 3894514001, 3903567740, 1473409576, 273563814, 2464789530,
                2715176077, 4193064667, 1821809776, 2043619257, 4037574145, 839068661, 243831237, */
                1636503718, 1462855073, 2109748476, 971350239, 560192793, 2355319636, 402790337,
                3489227110, 547035417, 933835216, 516016733, 2874201774, 277417850, 741631489,
                3004707547, 1934565881, 2675288427, 1900292836, 1025484832, 1489752501, 2134100272,
                3424995148, 3934360195, 2178549368, 1235642904, 2837131224, 3058013012, 1769218675,
                4219341268, 2139025313, 2456658501, 929544052, 1385643129, 1060323228, 323115510,
                323820478, 2184884512, 1539702522, 3391936593, 2136536112, 1266018503, 3186231578,
                2907367080, 978184491, 3134195451, 2793444852, 2733799417, 1273612028, 2928073021,
                1681847071, 2494129958, 1584581641, 4057630334, 2112541687, 515941430, 196814662,
                154053951,
            ],
        ),
    );


